{
 "cells": [
  {
   "cell_type": "code",
   "execution_count": 24,
   "metadata": {
    "collapsed": true
   },
   "outputs": [],
   "source": [
    "from sklearn.cluster import DBSCAN\n",
    "import pandas as pd"
   ]
  },
  {
   "cell_type": "code",
   "execution_count": 29,
   "metadata": {},
   "outputs": [
    {
     "name": "stdout",
     "output_type": "stream",
     "text": [
      "100 125 18728 13741466\n"
     ]
    },
    {
     "data": {
      "text/html": [
       "<div>\n",
       "<style>\n",
       "    .dataframe thead tr:only-child th {\n",
       "        text-align: right;\n",
       "    }\n",
       "\n",
       "    .dataframe thead th {\n",
       "        text-align: left;\n",
       "    }\n",
       "\n",
       "    .dataframe tbody tr th {\n",
       "        vertical-align: top;\n",
       "    }\n",
       "</style>\n",
       "<table border=\"1\" class=\"dataframe\">\n",
       "  <thead>\n",
       "    <tr style=\"text-align: right;\">\n",
       "      <th></th>\n",
       "      <th>hit_id</th>\n",
       "      <th>x</th>\n",
       "      <th>y</th>\n",
       "      <th>z</th>\n",
       "      <th>volume_id</th>\n",
       "      <th>layer_id</th>\n",
       "      <th>module_id</th>\n",
       "    </tr>\n",
       "  </thead>\n",
       "  <tbody>\n",
       "    <tr>\n",
       "      <th>0</th>\n",
       "      <td>1</td>\n",
       "      <td>-64.4099</td>\n",
       "      <td>-7.163700</td>\n",
       "      <td>-1502.5</td>\n",
       "      <td>7</td>\n",
       "      <td>2</td>\n",
       "      <td>1</td>\n",
       "    </tr>\n",
       "    <tr>\n",
       "      <th>1</th>\n",
       "      <td>2</td>\n",
       "      <td>-55.3361</td>\n",
       "      <td>0.635342</td>\n",
       "      <td>-1502.5</td>\n",
       "      <td>7</td>\n",
       "      <td>2</td>\n",
       "      <td>1</td>\n",
       "    </tr>\n",
       "    <tr>\n",
       "      <th>2</th>\n",
       "      <td>3</td>\n",
       "      <td>-83.8305</td>\n",
       "      <td>-1.143010</td>\n",
       "      <td>-1502.5</td>\n",
       "      <td>7</td>\n",
       "      <td>2</td>\n",
       "      <td>1</td>\n",
       "    </tr>\n",
       "    <tr>\n",
       "      <th>3</th>\n",
       "      <td>4</td>\n",
       "      <td>-96.1091</td>\n",
       "      <td>-8.241030</td>\n",
       "      <td>-1502.5</td>\n",
       "      <td>7</td>\n",
       "      <td>2</td>\n",
       "      <td>1</td>\n",
       "    </tr>\n",
       "    <tr>\n",
       "      <th>4</th>\n",
       "      <td>5</td>\n",
       "      <td>-62.6736</td>\n",
       "      <td>-9.371200</td>\n",
       "      <td>-1502.5</td>\n",
       "      <td>7</td>\n",
       "      <td>2</td>\n",
       "      <td>1</td>\n",
       "    </tr>\n",
       "  </tbody>\n",
       "</table>\n",
       "</div>"
      ],
      "text/plain": [
       "   hit_id        x         y       z  volume_id  layer_id  module_id\n",
       "0       1 -64.4099 -7.163700 -1502.5          7         2          1\n",
       "1       2 -55.3361  0.635342 -1502.5          7         2          1\n",
       "2       3 -83.8305 -1.143010 -1502.5          7         2          1\n",
       "3       4 -96.1091 -8.241030 -1502.5          7         2          1\n",
       "4       5 -62.6736 -9.371200 -1502.5          7         2          1"
      ]
     },
     "execution_count": 29,
     "metadata": {},
     "output_type": "execute_result"
    }
   ],
   "source": [
    "from sklearn.preprocessing import StandardScaler\n",
    "from trackml.dataset import load_event\n",
    "import pandas as pd\n",
    "import numpy as np\n",
    "import glob\n",
    "\n",
    "train = np.unique([p.split('-')[0] for p in sorted(glob.glob('C:/Users/sumas/Downloads/train_sample/train_100_events/**'))])\n",
    "test = np.unique([p.split('-')[0] for p in sorted(glob.glob('C:/Users/sumas/Downloads/test/test/**'))])\n",
    "data = pd.read_csv('C:/Users/sumas/Downloads/train_sample/train_100_events/event000001000-hits.csv')\n",
    "sub = pd.read_csv('C:/Users/sumas/Downloads/sample_submission.csv/sample_submission.csv')\n",
    "print(len(train), len(test), len(det), len(sub))\n",
    "data.head()"
   ]
  },
  {
   "cell_type": "code",
   "execution_count": 36,
   "metadata": {},
   "outputs": [],
   "source": [
    "x = data.ix[:,0:5].values\n",
    "y = data.ix[:,5].values\n",
    "\n",
    "#Visualizing\n",
    "import plotly.plotly as py\n",
    "from plotly.graph_objs import *\n",
    "import plotly.tools as tls"
   ]
  },
  {
   "cell_type": "code",
   "execution_count": 37,
   "metadata": {},
   "outputs": [
    {
     "data": {
      "text/plain": [
       "array([[-1.73203649, -0.20489894, -0.03904272, -1.4127258 , -1.1651586 ],\n",
       "       [-1.73200784, -0.17521825, -0.01348649, -1.4127258 , -1.1651586 ],\n",
       "       [-1.7319792 , -0.26842436, -0.01931387, -1.4127258 , -1.1651586 ],\n",
       "       ...,\n",
       "       [ 1.7319792 , -3.20942782,  0.12029243,  2.78255264,  2.10311532],\n",
       "       [ 1.73200784, -3.07781128,  0.04501746,  2.78255264,  2.10311532],\n",
       "       [ 1.73203649, -3.01301539, -0.00871047,  2.78255264,  2.10311532]])"
      ]
     },
     "execution_count": 37,
     "metadata": {},
     "output_type": "execute_result"
    }
   ],
   "source": [
    "#standardizing\n",
    "from sklearn.preprocessing import StandardScaler\n",
    "x_std = StandardScaler().fit_transform(x)\n",
    "x_std"
   ]
  },
  {
   "cell_type": "code",
   "execution_count": 38,
   "metadata": {},
   "outputs": [
    {
     "name": "stdout",
     "output_type": "stream",
     "text": [
      "Covariance matrix \n",
      "[[ 1.00000827 -0.00216942  0.01817127  0.31615765  0.9561355 ]\n",
      " [-0.00216942  1.00000827  0.00288111  0.00605698 -0.00364237]\n",
      " [ 0.01817127  0.00288111  1.00000827 -0.001488    0.01698981]\n",
      " [ 0.31615765  0.00605698 -0.001488    1.00000827  0.16617502]\n",
      " [ 0.9561355  -0.00364237  0.01698981  0.16617502  1.00000827]]\n"
     ]
    }
   ],
   "source": [
    "#Covarience Matrix\n",
    "mean_vec = np.mean(x_std, axis=0)\n",
    "cov_mat = (x_std - mean_vec).T.dot((x_std - mean_vec)) / (x_std.shape[0]-1)\n",
    "print('Covariance matrix \\n%s' %cov_mat)"
   ]
  },
  {
   "cell_type": "code",
   "execution_count": 39,
   "metadata": {},
   "outputs": [
    {
     "name": "stdout",
     "output_type": "stream",
     "text": [
      "Eigenvectors \n",
      "[[ 6.84279148e-01 -7.16730065e-01 -1.34110355e-01  7.10531036e-03\n",
      "   4.89776298e-03]\n",
      " [-1.85534534e-03  2.50613399e-04 -7.41961234e-02 -7.23054405e-01\n",
      "  -6.86792368e-01]\n",
      " [ 2.17692926e-02  1.56211745e-03  9.23240978e-02 -6.90578687e-01\n",
      "   7.17008365e-01]\n",
      " [ 3.05934647e-01  1.15983277e-01  9.37610715e-01  1.39854844e-02\n",
      "  -1.16800794e-01]\n",
      " [ 6.61580452e-01  6.87636088e-01 -2.98113664e-01  6.87933556e-03\n",
      "   2.34271894e-02]]\n",
      "\n",
      "Eigenvalues \n",
      "[2.06636216 0.03148448 0.90132569 1.00269879 0.99817022]\n"
     ]
    }
   ],
   "source": [
    "cov_mat = np.cov(x_std.T)\n",
    "\n",
    "eig_vals, eig_vecs = np.linalg.eig(cov_mat)\n",
    "\n",
    "print('Eigenvectors \\n%s' %eig_vecs)\n",
    "print('\\nEigenvalues \\n%s' %eig_vals)"
   ]
  },
  {
   "cell_type": "code",
   "execution_count": 41,
   "metadata": {},
   "outputs": [
    {
     "name": "stdout",
     "output_type": "stream",
     "text": [
      "Eigenvectors \n",
      "[[ 6.84279148e-01 -7.16730065e-01 -1.34110355e-01  7.10531036e-03\n",
      "   4.89776298e-03]\n",
      " [-1.85534534e-03  2.50613399e-04 -7.41961234e-02 -7.23054405e-01\n",
      "  -6.86792368e-01]\n",
      " [ 2.17692926e-02  1.56211745e-03  9.23240978e-02 -6.90578687e-01\n",
      "   7.17008365e-01]\n",
      " [ 3.05934647e-01  1.15983277e-01  9.37610715e-01  1.39854844e-02\n",
      "  -1.16800794e-01]\n",
      " [ 6.61580452e-01  6.87636088e-01 -2.98113664e-01  6.87933556e-03\n",
      "   2.34271894e-02]]\n",
      "\n",
      "Eigenvalues \n",
      "[2.06634508 0.03148422 0.90131824 1.0026905  0.99816196]\n"
     ]
    }
   ],
   "source": [
    "#Correlation MAtrix\n",
    "cor_mat1 = np.corrcoef(x_std.T)\n",
    "\n",
    "eig_vals, eig_vecs = np.linalg.eig(cor_mat1)\n",
    "\n",
    "print('Eigenvectors \\n%s' %eig_vecs)\n",
    "print('\\nEigenvalues \\n%s' %eig_vals)"
   ]
  },
  {
   "cell_type": "code",
   "execution_count": 43,
   "metadata": {},
   "outputs": [
    {
     "ename": "MemoryError",
     "evalue": "",
     "output_type": "error",
     "traceback": [
      "\u001b[1;31m---------------------------------------------------------------------------\u001b[0m",
      "\u001b[1;31mMemoryError\u001b[0m                               Traceback (most recent call last)",
      "\u001b[1;32m<ipython-input-43-0df3d1bb7a88>\u001b[0m in \u001b[0;36m<module>\u001b[1;34m()\u001b[0m\n\u001b[0;32m      1\u001b[0m \u001b[1;31m#SVD\u001b[0m\u001b[1;33m\u001b[0m\u001b[1;33m\u001b[0m\u001b[0m\n\u001b[1;32m----> 2\u001b[1;33m \u001b[0mu\u001b[0m\u001b[1;33m,\u001b[0m\u001b[0ms\u001b[0m\u001b[1;33m,\u001b[0m\u001b[0mv\u001b[0m \u001b[1;33m=\u001b[0m \u001b[0mnp\u001b[0m\u001b[1;33m.\u001b[0m\u001b[0mlinalg\u001b[0m\u001b[1;33m.\u001b[0m\u001b[0msvd\u001b[0m\u001b[1;33m(\u001b[0m\u001b[0mx_std\u001b[0m\u001b[1;33m.\u001b[0m\u001b[0mT\u001b[0m\u001b[1;33m)\u001b[0m\u001b[1;33m\u001b[0m\u001b[0m\n\u001b[0m\u001b[0;32m      3\u001b[0m \u001b[0mu\u001b[0m\u001b[1;33m\u001b[0m\u001b[0m\n",
      "\u001b[1;32m~\\Anaconda3\\lib\\site-packages\\numpy\\linalg\\linalg.py\u001b[0m in \u001b[0;36msvd\u001b[1;34m(a, full_matrices, compute_uv)\u001b[0m\n\u001b[0;32m   1442\u001b[0m \u001b[1;33m\u001b[0m\u001b[0m\n\u001b[0;32m   1443\u001b[0m         \u001b[0msignature\u001b[0m \u001b[1;33m=\u001b[0m \u001b[1;34m'D->DdD'\u001b[0m \u001b[1;32mif\u001b[0m \u001b[0misComplexType\u001b[0m\u001b[1;33m(\u001b[0m\u001b[0mt\u001b[0m\u001b[1;33m)\u001b[0m \u001b[1;32melse\u001b[0m \u001b[1;34m'd->ddd'\u001b[0m\u001b[1;33m\u001b[0m\u001b[0m\n\u001b[1;32m-> 1444\u001b[1;33m         \u001b[0mu\u001b[0m\u001b[1;33m,\u001b[0m \u001b[0ms\u001b[0m\u001b[1;33m,\u001b[0m \u001b[0mvh\u001b[0m \u001b[1;33m=\u001b[0m \u001b[0mgufunc\u001b[0m\u001b[1;33m(\u001b[0m\u001b[0ma\u001b[0m\u001b[1;33m,\u001b[0m \u001b[0msignature\u001b[0m\u001b[1;33m=\u001b[0m\u001b[0msignature\u001b[0m\u001b[1;33m,\u001b[0m \u001b[0mextobj\u001b[0m\u001b[1;33m=\u001b[0m\u001b[0mextobj\u001b[0m\u001b[1;33m)\u001b[0m\u001b[1;33m\u001b[0m\u001b[0m\n\u001b[0m\u001b[0;32m   1445\u001b[0m         \u001b[0mu\u001b[0m \u001b[1;33m=\u001b[0m \u001b[0mu\u001b[0m\u001b[1;33m.\u001b[0m\u001b[0mastype\u001b[0m\u001b[1;33m(\u001b[0m\u001b[0mresult_t\u001b[0m\u001b[1;33m,\u001b[0m \u001b[0mcopy\u001b[0m\u001b[1;33m=\u001b[0m\u001b[1;32mFalse\u001b[0m\u001b[1;33m)\u001b[0m\u001b[1;33m\u001b[0m\u001b[0m\n\u001b[0;32m   1446\u001b[0m         \u001b[0ms\u001b[0m \u001b[1;33m=\u001b[0m \u001b[0ms\u001b[0m\u001b[1;33m.\u001b[0m\u001b[0mastype\u001b[0m\u001b[1;33m(\u001b[0m\u001b[0m_realType\u001b[0m\u001b[1;33m(\u001b[0m\u001b[0mresult_t\u001b[0m\u001b[1;33m)\u001b[0m\u001b[1;33m,\u001b[0m \u001b[0mcopy\u001b[0m\u001b[1;33m=\u001b[0m\u001b[1;32mFalse\u001b[0m\u001b[1;33m)\u001b[0m\u001b[1;33m\u001b[0m\u001b[0m\n",
      "\u001b[1;31mMemoryError\u001b[0m: "
     ]
    }
   ],
   "source": [
    "#SVD\n",
    "u,s,v = np.linalg.svd(x_std.T)\n",
    "u"
   ]
  },
  {
   "cell_type": "code",
   "execution_count": null,
   "metadata": {
    "collapsed": true
   },
   "outputs": [],
   "source": []
  }
 ],
 "metadata": {
  "kernelspec": {
   "display_name": "Python 3",
   "language": "python",
   "name": "python3"
  },
  "language_info": {
   "codemirror_mode": {
    "name": "ipython",
    "version": 3
   },
   "file_extension": ".py",
   "mimetype": "text/x-python",
   "name": "python",
   "nbconvert_exporter": "python",
   "pygments_lexer": "ipython3",
   "version": "3.6.3"
  }
 },
 "nbformat": 4,
 "nbformat_minor": 2
}
